-8.99808e-120
-1.04777e-119
-1.33898e-119
-2.4193e-119
-3.73982e-119
-4.11486e-119
-4.51042e-119
-4.74593e-119
-5.06165e-119
-5.46853e-119
-5.48583e-119
-5.6398e-119
-6.01158e-119
-6.69207e-119
-7.04335e-119
-7.0728e-119
-7.12598e-119
-7.81426e-119
-8.02725e-119
-8.29597e-119
-8.47281e-119
-8.91113e-119
-9.16482e-119
-9.60535e-119
-9.92354e-119
-1.01505e-118
-1.05185e-118
-1.06032e-118
-1.08422e-118
-1.11094e-118
-1.14416e-118
-1.16672e-118
-1.16785e-118
-1.23008e-118
-1.34166e-118
-1.45941e-118
-1.5808e-118
-1.61707e-118
-1.63265e-118
-1.71344e-118
-1.72342e-118
-1.74606e-118
-1.76025e-118
-1.76999e-118
-1.77362e-118
-1.79196e-118
-1.80934e-118
-1.81376e-118
-1.83644e-118
-1.85527e-118
-1.94756e-118
-1.94921e-118
-1.97771e-118
-1.98377e-118
-2.0051e-118
-2.09781e-118
-2.10801e-118
-2.17067e-118
-2.21152e-118
-2.22375e-118
-2.2311e-118
-2.2456e-118
-2.25426e-118
-2.35187e-118
-2.35692e-118
-2.37697e-118
-2.41718e-118
-2.42664e-118
-2.49283e-118
-2.51268e-118
-2.53727e-118
-2.54093e-118
-2.57984e-118
-2.59169e-118
-2.69039e-118
-2.72248e-118
-2.72854e-118
-2.76141e-118
-2.76412e-118
-2.79433e-118
-2.8912e-118
-2.94358e-118
-3.03425e-118
-3.06283e-118
-3.07233e-118
-3.10324e-118
-3.12249e-118
-3.15382e-118
-3.2229e-118
-3.22709e-118
-3.25727e-118
-3.34357e-118
-3.37693e-118
-3.39453e-118
-3.43158e-118
-3.46708e-118
-3.47386e-118
-3.4788e-118
-3.51008e-118
-3.55378e-118
-3.59499e-118
-3.59897e-118
-3.72545e-118
-3.74396e-118
-3.8259e-118
-3.90849e-118
-3.93948e-118
-3.94622e-118
-3.95372e-118
-3.95885e-118
-3.97733e-118
-3.98449e-118
-3.99327e-118
-3.9962e-118
-4.02454e-118
-4.05585e-118
-4.07556e-118
-4.19263e-118
-4.28316e-118
-4.32217e-118
-4.32378e-118
-4.3755e-118
-4.40666e-118
-4.52103e-118
-4.52313e-118
-4.55507e-118
-4.57238e-118
-4.60932e-118
-4.63188e-118
-4.65509e-118
-4.68187e-118
-4.74474e-118
-4.77547e-118
-4.84963e-118
-4.8809e-118
-4.88948e-118
-4.92431e-118
-4.96734e-118
-5.02458e-118
-5.1393e-118
-5.16714e-118
-5.18308e-118
-5.20077e-118
-5.23829e-118
-5.35704e-118
-5.36279e-118
-5.52692e-118
-5.57796e-118
-5.70197e-118
-5.741e-118
-5.80238e-118
-5.83528e-118
-5.87344e-118
-5.9131e-118
-5.96683e-118
-5.9787e-118
-6.01866e-118
-6.02053e-118
-6.03722e-118
-6.08364e-118
-6.13631e-118
-6.19055e-118
-6.19069e-118
-6.20015e-118
-6.21805e-118
-6.25942e-118
-6.26205e-118
-6.34694e-118
-6.44346e-118
-6.49445e-118
-6.52761e-118
-6.64471e-118
-6.66487e-118
-6.66604e-118
-6.68448e-118
-6.7616e-118
-6.82523e-118
-6.9941e-118
-7.01265e-118
-7.0155e-118
-7.10189e-118
-7.22914e-118
-7.26118e-118
-7.33292e-118
-7.3488e-118
-7.36204e-118
-7.37569e-118
-7.38239e-118
-7.39317e-118
-7.40396e-118
-7.43593e-118
-7.45036e-118
-7.46374e-118
-7.51943e-118
-7.57554e-118
-7.59622e-118
-7.64082e-118
-7.64374e-118
-7.67505e-118
-7.68159e-118
-7.70585e-118
-7.80652e-118
-7.82551e-118
-7.83768e-118
-7.93108e-118
-7.97803e-118
-7.98026e-118
-7.98287e-118
-7.98373e-118
-7.99579e-118
-8.03348e-118
-8.05124e-118
-8.11362e-118
-8.14793e-118
-8.22542e-118
-8.29308e-118
-8.41119e-118
-8.47758e-118
-8.50851e-118
-8.52744e-118
-8.59451e-118
-8.60265e-118
-8.64841e-118
-8.71826e-118
-8.71831e-118
-8.72453e-118
-8.73201e-118
-8.75372e-118
-8.75614e-118
-8.81873e-118
-8.82199e-118
-8.83822e-118
-8.84748e-118
-8.88959e-118
-8.89728e-118
-8.95629e-118
-9.10225e-118
-9.12668e-118
-9.15854e-118
-9.16366e-118
-9.16441e-118
-9.28629e-118
-9.30459e-118
-9.30597e-118
-9.36428e-118
-9.3731e-118
-9.42098e-118
-9.4366e-118
-9.45794e-118
-9.46817e-118
-9.47427e-118
-9.52418e-118
-9.53238e-118
-9.57368e-118
-9.61578e-118
-9.62558e-118
-9.64229e-118
-9.66107e-118
-9.75588e-118
-9.81503e-118
-9.89919e-118
-9.92691e-118
-9.93042e-118
-1.00265e-117
-1.00549e-117
-1.00783e-117
-1.01122e-117
-1.01801e-117
-1.02407e-117
-1.02725e-117
-1.02765e-117
-1.03001e-117
-1.03234e-117
-1.03279e-117
-1.03754e-117
-1.04556e-117
-1.04767e-117
-1.05488e-117
-1.05922e-117
-1.06552e-117
-1.06623e-117
-1.06968e-117
-1.07647e-117
-1.08323e-117
-1.08448e-117
-1.08563e-117
-1.08591e-117
-1.08661e-117
-1.08693e-117
-1.08741e-117
-1.09188e-117
-1.09546e-117
-1.0973e-117
-1.09865e-117
-1.10545e-117
-1.11201e-117
-1.11287e-117
-1.11743e-117
-1.13394e-117
-1.13586e-117
-1.13742e-117
-1.13757e-117
-1.14872e-117
-1.15075e-117
-1.15155e-117
-1.15352e-117
-1.15545e-117
-1.16019e-117
-1.16211e-117
-1.16409e-117
-1.17284e-117
-1.17661e-117
-1.17703e-117
-1.1782e-117
-1.18195e-117
-1.18512e-117
-1.19876e-117
-1.20957e-117
-1.21106e-117
-1.21559e-117
-1.22162e-117
-1.22196e-117
-1.22783e-117
-1.23101e-117
-1.23724e-117
-1.24426e-117
-1.24429e-117
-1.25143e-117
-1.26494e-117
-1.26514e-117
-1.26581e-117
-1.26648e-117
-1.26879e-117
-1.26882e-117
-1.27055e-117
-1.27218e-117
-1.2776e-117
-1.27936e-117
-1.27979e-117
-1.27995e-117
-1.2804e-117
-1.28124e-117
-1.28428e-117
-1.28551e-117
-1.29034e-117
-1.293e-117
-1.29333e-117
-1.29862e-117
-1.31124e-117
-1.31664e-117
-1.3187e-117
-1.32032e-117
-1.32386e-117
-1.32474e-117
-1.32634e-117
-1.34319e-117
-1.34738e-117
-1.35093e-117
-1.35459e-117
-1.35967e-117
-1.35994e-117
-1.36292e-117
-1.36436e-117
-1.36701e-117
-1.36793e-117
-1.36875e-117
-1.36944e-117
-1.3698e-117
-1.37111e-117
-1.37154e-117
-1.37244e-117
-1.38418e-117
-1.39114e-117
-1.39245e-117
-1.39614e-117
-1.39863e-117
-1.39913e-117
-1.40379e-117
-1.40479e-117
-1.40674e-117
-1.41021e-117
-1.41228e-117
-1.4132e-117
-1.41378e-117
-1.41642e-117
-1.41877e-117
-1.41977e-117
-1.42898e-117
-1.43163e-117
-1.43476e-117
-1.43642e-117
-1.43703e-117
-1.43877e-117
-1.44187e-117
-1.44449e-117
-1.44851e-117
-1.45893e-117
-1.46256e-117
-1.46843e-117
-1.46984e-117
-1.47336e-117
-1.47387e-117
-1.47555e-117
-1.4805e-117
-1.48116e-117
-1.49733e-117
-1.49818e-117
-1.50648e-117
-1.51455e-117
-1.5248e-117
-1.52602e-117
-1.52988e-117
-1.52989e-117
-1.53515e-117
-1.53522e-117
-1.53964e-117
-1.55212e-117
-1.5543e-117
-1.55529e-117
-1.55772e-117
-1.55839e-117
-1.56219e-117
-1.56403e-117
-1.56502e-117
-1.56528e-117
-1.5679e-117
-1.56977e-117
-1.57175e-117
-1.57249e-117
-1.57411e-117
-1.57597e-117
-1.58219e-117
-1.58292e-117
-1.58587e-117
-1.58596e-117
-1.59008e-117
-1.59102e-117
-1.59579e-117
-1.60124e-117
-1.61116e-117
-1.61146e-117
-1.61594e-117
-1.61911e-117
-1.6201e-117
-1.6202e-117
-1.62105e-117
-1.62124e-117
-1.62447e-117
-1.62456e-117
-1.62486e-117
-1.62795e-117
-1.63039e-117
-1.63835e-117
-1.63918e-117
-1.64201e-117
-1.64211e-117
-1.6573e-117
-1.6616e-117
-1.67725e-117
-1.67943e-117
-1.68433e-117
-1.68636e-117
-1.68639e-117
-1.68877e-117
-1.6921e-117
-1.69299e-117
-1.69454e-117
-1.69727e-117
-1.70643e-117
-1.70801e-117
-1.71027e-117
-1.71397e-117
-1.71582e-117
-1.71594e-117
-1.71911e-117
-1.72173e-117
-1.72209e-117
-1.72633e-117
-1.72795e-117
-1.72849e-117
-1.73001e-117
-1.73115e-117
-1.73232e-117
-1.73646e-117
-1.74092e-117
-1.74396e-117
-1.75344e-117
-1.75514e-117
-1.7552e-117
-1.76061e-117
-1.75515e-117
-1.75145e-117
-1.75091e-117
-1.75065e-117
-1.75039e-117
-1.74914e-117
-1.74559e-117
-1.74541e-117
-1.74513e-117
-1.7421e-117
-1.74073e-117
-1.74068e-117
-1.73083e-117
-1.72871e-117
-1.72657e-117
-1.72653e-117
-1.72567e-117
-1.72367e-117
-1.7199e-117
-1.71864e-117
-1.71371e-117
-1.71304e-117
-1.71073e-117
-1.69464e-117
-1.69181e-117
-1.69007e-117
-1.68384e-117
-1.67629e-117
-1.67299e-117
-1.67035e-117
-1.66739e-117
-1.65742e-117
-1.65616e-117
-1.65286e-117
-1.64891e-117
-1.64004e-117
-1.63993e-117
-1.63894e-117
-1.63726e-117
-1.63203e-117
-1.63156e-117
-1.62608e-117
-1.61986e-117
-1.61465e-117
-1.60937e-117
-1.60901e-117
-1.60342e-117
-1.60249e-117
-1.59413e-117
-1.59394e-117
-1.59264e-117
-1.59193e-117
-1.58704e-117
-1.58593e-117
-1.58435e-117
-1.583e-117
-1.57742e-117
-1.56886e-117
-1.56742e-117
-1.56647e-117
-1.56613e-117
-1.5653e-117
-1.56389e-117
-1.56209e-117
-1.56087e-117
-1.55986e-117
-1.55774e-117
-1.55072e-117
-1.5505e-117
-1.54535e-117
-1.54332e-117
-1.54181e-117
-1.53586e-117
-1.53066e-117
-1.52511e-117
-1.52413e-117
-1.52389e-117
-1.5221e-117
-1.51778e-117
-1.51739e-117
-1.50926e-117
-1.50794e-117
-1.50171e-117
-1.50152e-117
-1.49863e-117
-1.49561e-117
-1.49263e-117
-1.48875e-117
-1.48783e-117
-1.48756e-117
-1.48725e-117
-1.48468e-117
-1.4807e-117
-1.47674e-117
-1.47593e-117
-1.47447e-117
-1.47174e-117
-1.46927e-117
-1.4633e-117
-1.46235e-117
-1.46199e-117
-1.45864e-117
-1.45786e-117
-1.45547e-117
-1.44779e-117
-1.44565e-117
-1.44351e-117
-1.44265e-117
-1.4419e-117
-1.43449e-117
-1.43181e-117
-1.43083e-117
-1.42538e-117
-1.42509e-117
-1.42509e-117
-1.42276e-117
-1.4205e-117
-1.41588e-117
-1.41151e-117
-1.41009e-117
-1.39848e-117
-1.39694e-117
-1.39317e-117
-1.39154e-117
-1.38935e-117
-1.38727e-117
-1.38599e-117
-1.38351e-117
-1.38345e-117
-1.38237e-117
-1.38183e-117
-1.38086e-117
-1.37565e-117
-1.36729e-117
-1.35479e-117
-1.35428e-117
-1.35137e-117
-1.34837e-117
-1.33696e-117
-1.32719e-117
-1.32416e-117
-1.31691e-117
-1.31633e-117
-1.31468e-117
-1.31143e-117
-1.30725e-117
-1.30499e-117
-1.30414e-117
-1.30167e-117
-1.30153e-117
-1.30072e-117
-1.30028e-117
-1.29984e-117
-1.29873e-117
-1.29691e-117
-1.29658e-117
-1.28064e-117
-1.27994e-117
-1.27834e-117
-1.27816e-117
-1.27712e-117
-1.27653e-117
-1.27333e-117
-1.26863e-117
-1.26648e-117
-1.26562e-117
-1.26433e-117
-1.26253e-117
-1.2601e-117
-1.25977e-117
-1.2542e-117
-1.25416e-117
-1.25365e-117
-1.25334e-117
-1.24828e-117
-1.24478e-117
-1.23767e-117
-1.23613e-117
-1.2337e-117
-1.2328e-117
-1.23209e-117
-1.23019e-117
-1.21996e-117
-1.21875e-117
-1.21426e-117
-1.2084e-117
-1.2036e-117
-1.20319e-117
-1.19725e-117
-1.1972e-117
-1.19678e-117
-1.19557e-117
-1.19509e-117
-1.1921e-117
-1.1893e-117
-1.18411e-117
-1.18365e-117
-1.17995e-117
-1.17952e-117
-1.17887e-117
-1.17334e-117
-1.16925e-117
-1.16594e-117
-1.15934e-117
-1.15733e-117
-1.15402e-117
-1.14807e-117
-1.13611e-117
-1.13204e-117
-1.12994e-117
-1.12689e-117
-1.12111e-117
-1.11931e-117
-1.11353e-117
-1.11351e-117
-1.11079e-117
-1.10146e-117
-1.09354e-117
-1.08866e-117
-1.08719e-117
-1.08409e-117
-1.0691e-117
-1.06793e-117
-1.06677e-117
-1.06643e-117
-1.06567e-117
-1.0648e-117
-1.05755e-117
-1.05432e-117
-1.05385e-117
-1.05359e-117
-1.05305e-117
-1.05148e-117
-1.05102e-117
-1.04816e-117
-1.04757e-117
-1.04554e-117
-1.043e-117
-1.04064e-117
-1.03202e-117
-1.02572e-117
-1.01806e-117
-1.01373e-117
-1.01097e-117
-1.00742e-117
-1.00229e-117
-9.92227e-118
-9.90176e-118
-9.86709e-118
-9.8518e-118
-9.78075e-118
-9.7404e-118
-9.68021e-118
-9.6541e-118
-9.61882e-118
-9.57062e-118
-9.54074e-118
-9.49026e-118
-9.36153e-118
-9.34936e-118
-9.32065e-118
-9.28558e-118
-9.28271e-118
-9.18975e-118
-9.06613e-118
-9.05543e-118
-9.02955e-118
-9.0266e-118
-9.0213e-118
-9.00813e-118
-8.98579e-118
-8.95203e-118
-8.93381e-118
-8.88327e-118
-8.88311e-118
-8.88226e-118
-8.78488e-118
-8.78104e-118
-8.77754e-118
-8.6472e-118
-8.63962e-118
-8.58462e-118
-8.48973e-118
-8.47317e-118
-8.4326e-118
-8.38537e-118
-8.37957e-118
-8.31018e-118
-8.30721e-118
-8.30449e-118
-8.29136e-118
-8.21447e-118
-8.09174e-118
-7.97432e-118
-7.85139e-118
-7.84483e-118
-7.80116e-118
-7.8002e-118
-7.79207e-118
-7.7511e-118
-7.70909e-118
-7.65737e-118
-7.65485e-118
-7.62094e-118
-7.61725e-118
-7.48838e-118
-7.37853e-118
-7.32369e-118
-7.31275e-118
-7.3003e-118
-7.2717e-118
-7.19388e-118
-7.18808e-118
-7.18101e-118
-7.15558e-118
-7.0669e-118
-7.06465e-118
-6.9855e-118
-6.98324e-118
-6.98023e-118
-6.93353e-118
-6.90237e-118
-6.85857e-118
-6.78808e-118
-6.77087e-118
-6.76086e-118
-6.75595e-118
-6.7426e-118
-6.72101e-118
-6.6683e-118
-6.5596e-118
-6.45831e-118
-6.41233e-118
-6.40558e-118
-6.4031e-118
-6.34601e-118
-6.25853e-118
-6.2495e-118
-6.24445e-118
-6.19385e-118
-6.11472e-118
-6.08497e-118
-6.0745e-118
-6.06622e-118
-6.05939e-118
-5.94955e-118
-5.80194e-118
-5.6458e-118
-5.64191e-118
-5.63182e-118
-5.60192e-118
-5.59154e-118
-5.58358e-118
-5.56749e-118
-5.54061e-118
-5.53201e-118
-5.53032e-118
-5.53007e-118
-5.41699e-118
-5.39144e-118
-5.33898e-118
-5.27935e-118
-5.26892e-118
-5.24397e-118
-5.19965e-118
-5.13221e-118
-5.04293e-118
-5.0154e-118
-5.00882e-118
-4.95553e-118
-4.92448e-118
-4.92178e-118
-4.90751e-118
-4.75499e-118
-4.74571e-118
-4.74174e-118
-4.72172e-118
-4.71297e-118
-4.68301e-118
-4.6618e-118
-4.64057e-118
-4.63784e-118
-4.63074e-118
-4.61279e-118
-4.61216e-118
-4.60375e-118
-4.59245e-118
-4.56422e-118
-4.38733e-118
-4.33365e-118
-4.30211e-118
-4.21835e-118
-4.04105e-118
-3.9507e-118
-3.92558e-118
-3.89134e-118
-3.86443e-118
-3.82179e-118
-3.81918e-118
-3.78259e-118
-3.73417e-118
-3.68589e-118
-3.55036e-118
-3.548e-118
-3.53971e-118
-3.3822e-118
-3.32451e-118
-3.31633e-118
-3.27195e-118
-3.26663e-118
-3.22492e-118
-3.18279e-118
-3.16044e-118
-3.14491e-118
-3.11007e-118
-3.07627e-118
-3.0252e-118
-3.02429e-118
-2.9026e-118
-2.87645e-118
-2.86509e-118
-2.84013e-118
-2.81919e-118
-2.75525e-118
-2.70116e-118
-2.62123e-118
-2.58316e-118
-2.57387e-118
-2.56419e-118
-2.538e-118
-2.53556e-118
-2.52744e-118
-2.50902e-118
-2.50323e-118
-2.48645e-118
-2.34157e-118
-2.33572e-118
-2.31465e-118
-2.30055e-118
-2.27576e-118
-2.24908e-118
-2.15767e-118
-2.14038e-118
-2.10928e-118
-2.08222e-118
-2.07528e-118
-2.01355e-118
-1.98912e-118
-1.90445e-118
-1.9025e-118
-1.89533e-118
-1.88869e-118
-1.79327e-118
-1.7806e-118
-1.65234e-118
-1.6446e-118
-1.63934e-118
-1.61279e-118
-1.61164e-118
-1.61019e-118
-1.60942e-118
-1.58341e-118
-1.54777e-118
-1.54638e-118
-1.53331e-118
-1.52054e-118
-1.50928e-118
-1.48321e-118
-1.46431e-118
-1.45656e-118
-1.40991e-118
-1.38823e-118
-1.38703e-118
-1.36292e-118
-1.3608e-118
-1.33442e-118
-1.21709e-118
-1.20805e-118
-1.19497e-118
-1.11161e-118
-1.08689e-118
-1.00917e-118
-9.50732e-119
-9.30523e-119
-8.7845e-119
-8.46182e-119
-8.45383e-119
-7.64818e-119
-7.26265e-119
-7.03244e-119
-6.53896e-119
-6.39055e-119
-6.32469e-119
-6.1977e-119
-5.76877e-119
-5.4082e-119
-5.36978e-119
-4.39976e-119
-4.20023e-119
-3.97929e-119
-3.74837e-119
-3.74716e-119
-3.69598e-119
-3.22638e-119
-2.32107e-119
-1.90139e-119
-1.60735e-119
-1.21447e-119
-1.15766e-119
-8.11342e-121
