-66.7591
-66.7083
-66.6266
-66.4294
-66.2842
-66.2524
-66.2218
-66.2048
-66.1833
-66.1576
-66.1565
-66.1473
-66.126
-66.0902
-66.0732
-66.0718
-66.0693
-66.0386
-66.0296
-66.0186
-66.0116
-65.9948
-65.9854
-65.9698
-65.9589
-65.9514
-65.9395
-65.9368
-65.9294
-65.9213
-65.9115
-65.905
-65.9046
-65.8873
-65.8584
-65.8304
-65.8037
-65.7962
-65.793
-65.7769
-65.7749
-65.7706
-65.7679
-65.766
-65.7654
-65.7619
-65.7587
-65.7579
-65.7538
-65.7504
-65.7342
-65.7339
-65.729
-65.728
-65.7245
-65.7094
-65.7078
-65.698
-65.6918
-65.69
-65.6889
-65.6867
-65.6854
-65.6713
-65.6706
-65.6678
-65.6622
-65.6609
-65.6519
-65.6492
-65.646
-65.6455
-65.6405
-65.6389
-65.6265
-65.6225
-65.6218
-65.6178
-65.6175
-65.6138
-65.6025
-65.5965
-65.5864
-65.5832
-65.5822
-65.5789
-65.5768
-65.5735
-65.5663
-65.5658
-65.5627
-65.554
-65.5507
-65.549
-65.5454
-65.5419
-65.5413
-65.5408
-65.5378
-65.5337
-65.5298
-65.5295
-65.518
-65.5163
-65.5091
-65.502
-65.4993
-65.4988
-65.4981
-65.4977
-65.4962
-65.4956
-65.4948
-65.4946
-65.4922
-65.4896
-65.488
-65.4786
-65.4715
-65.4684
-65.4683
-65.4644
-65.462
-65.4534
-65.4533
-65.4509
-65.4497
-65.447
-65.4454
-65.4437
-65.4418
-65.4373
-65.4352
-65.4301
-65.4279
-65.4273
-65.425
-65.4221
-65.4182
-65.4107
-65.4089
-65.4079
-65.4068
-65.4044
-65.3969
-65.3965
-65.3865
-65.3834
-65.3761
-65.3738
-65.3703
-65.3684
-65.3662
-65.364
-65.361
-65.3603
-65.3581
-65.358
-65.357
-65.3545
-65.3516
-65.3487
-65.3487
-65.3482
-65.3472
-65.345
-65.3449
-65.3404
-65.3353
-65.3327
-65.331
-65.3251
-65.3241
-65.324
-65.3231
-65.3193
-65.3162
-65.308
-65.3071
-65.307
-65.3029
-65.297
-65.2955
-65.2922
-65.2915
-65.2909
-65.2903
-65.29
-65.2895
-65.289
-65.2876
-65.2869
-65.2863
-65.2839
-65.2814
-65.2805
-65.2785
-65.2784
-65.277
-65.2768
-65.2757
-65.2714
-65.2706
-65.27
-65.2661
-65.2641
-65.264
-65.2639
-65.2639
-65.2634
-65.2618
-65.2611
-65.2585
-65.2571
-65.254
-65.2512
-65.2465
-65.2439
-65.2427
-65.2419
-65.2393
-65.239
-65.2372
-65.2346
-65.2346
-65.2343
-65.234
-65.2332
-65.2331
-65.2307
-65.2306
-65.23
-65.2297
-65.2281
-65.2278
-65.2256
-65.2202
-65.2193
-65.2181
-65.2179
-65.2179
-65.2135
-65.2129
-65.2128
-65.2107
-65.2104
-65.2087
-65.2082
-65.2074
-65.2071
-65.2068
-65.2051
-65.2048
-65.2034
-65.2019
-65.2016
-65.201
-65.2003
-65.1971
-65.1951
-65.1922
-65.1913
-65.1912
-65.188
-65.187
-65.1862
-65.1851
-65.1829
-65.1809
-65.1799
-65.1797
-65.179
-65.1782
-65.1781
-65.1765
-65.174
-65.1733
-65.171
-65.1697
-65.1677
-65.1675
-65.1664
-65.1643
-65.1622
-65.1618
-65.1614
-65.1614
-65.1611
-65.161
-65.1609
-65.1595
-65.1584
-65.1579
-65.1575
-65.1554
-65.1534
-65.1532
-65.1518
-65.1469
-65.1464
-65.1459
-65.1459
-65.1426
-65.142
-65.1418
-65.1412
-65.1407
-65.1393
-65.1388
-65.1382
-65.1357
-65.1346
-65.1345
-65.1342
-65.1331
-65.1322
-65.1284
-65.1254
-65.125
-65.1238
-65.1221
-65.122
-65.1204
-65.1196
-65.1179
-65.116
-65.116
-65.1141
-65.1105
-65.1104
-65.1103
-65.1101
-65.1095
-65.1095
-65.109
-65.1086
-65.1072
-65.1067
-65.1066
-65.1066
-65.1064
-65.1062
-65.1054
-65.1051
-65.1039
-65.1032
-65.1031
-65.1017
-65.0985
-65.0971
-65.0966
-65.0962
-65.0953
-65.0951
-65.0947
-65.0905
-65.0894
-65.0886
-65.0877
-65.0864
-65.0864
-65.0856
-65.0853
-65.0846
-65.0844
-65.0842
-65.084
-65.0839
-65.0836
-65.0835
-65.0833
-65.0805
-65.0788
-65.0785
-65.0776
-65.077
-65.0769
-65.0758
-65.0755
-65.0751
-65.0743
-65.0738
-65.0735
-65.0734
-65.0728
-65.0722
-65.072
-65.0698
-65.0692
-65.0685
-65.0681
-65.068
-65.0676
-65.0669
-65.0662
-65.0653
-65.0629
-65.0621
-65.0608
-65.0604
-65.0597
-65.0595
-65.0592
-65.058
-65.0579
-65.0543
-65.0541
-65.0522
-65.0505
-65.0482
-65.0479
-65.0471
-65.0471
-65.046
-65.0459
-65.045
-65.0423
-65.0418
-65.0416
-65.0411
-65.041
-65.0401
-65.0397
-65.0395
-65.0395
-65.0389
-65.0385
-65.0381
-65.0379
-65.0376
-65.0372
-65.0359
-65.0357
-65.0351
-65.0351
-65.0342
-65.034
-65.033
-65.0319
-65.0298
-65.0298
-65.0289
-65.0282
-65.028
-65.028
-65.0278
-65.0278
-65.0271
-65.0271
-65.027
-65.0264
-65.0259
-65.0243
-65.0241
-65.0235
-65.0235
-65.0204
-65.0196
-65.0164
-65.016
-65.015
-65.0146
-65.0146
-65.0142
-65.0135
-65.0133
-65.013
-65.0125
-65.0107
-65.0104
-65.01
-65.0092
-65.0089
-65.0088
-65.0082
-65.0077
-65.0077
-65.0068
-65.0065
-65.0064
-65.0061
-65.0059
-65.0057
-65.0049
-65.004
-65.0034
-65.0016
-65.0013
-65.0013
-65.0003
85.0013
85.002
85.0021
85.0022
85.0022
85.0025
85.0031
85.0032
85.0032
85.0038
85.0041
85.0041
85.006
85.0064
85.0068
85.0068
85.007
85.0073
85.0081
85.0083
85.0093
85.0094
85.0099
85.013
85.0136
85.0139
85.0151
85.0166
85.0173
85.0178
85.0184
85.0204
85.0207
85.0213
85.0221
85.0239
85.0239
85.0242
85.0245
85.0256
85.0257
85.0268
85.0281
85.0291
85.0302
85.0303
85.0315
85.0316
85.0334
85.0334
85.0337
85.0339
85.0349
85.0351
85.0354
85.0357
85.0369
85.0387
85.039
85.0392
85.0393
85.0395
85.0398
85.0402
85.0404
85.0406
85.0411
85.0426
85.0426
85.0438
85.0442
85.0445
85.0458
85.0469
85.0481
85.0484
85.0484
85.0488
85.0498
85.0498
85.0516
85.0519
85.0533
85.0533
85.054
85.0547
85.0553
85.0562
85.0564
85.0565
85.0565
85.0571
85.058
85.0589
85.0591
85.0594
85.06
85.0606
85.0619
85.0622
85.0622
85.063
85.0632
85.0637
85.0655
85.066
85.0665
85.0667
85.0668
85.0686
85.0692
85.0694
85.0707
85.0708
85.0708
85.0713
85.0718
85.0729
85.0739
85.0743
85.077
85.0774
85.0783
85.0787
85.0792
85.0797
85.08
85.0806
85.0806
85.0809
85.081
85.0813
85.0825
85.0846
85.0876
85.0877
85.0885
85.0892
85.092
85.0945
85.0952
85.0971
85.0972
85.0976
85.0985
85.0995
85.1001
85.1003
85.101
85.101
85.1012
85.1013
85.1014
85.1017
85.1022
85.1023
85.1064
85.1066
85.107
85.107
85.1073
85.1075
85.1083
85.1095
85.1101
85.1103
85.1107
85.1111
85.1118
85.1119
85.1133
85.1133
85.1135
85.1136
85.1149
85.1158
85.1178
85.1182
85.1188
85.1191
85.1193
85.1198
85.1226
85.1229
85.1241
85.1257
85.1271
85.1272
85.1288
85.1288
85.129
85.1293
85.1294
85.1303
85.131
85.1325
85.1326
85.1337
85.1338
85.134
85.1355
85.1367
85.1377
85.1396
85.1401
85.1411
85.1428
85.1463
85.1475
85.1481
85.149
85.1507
85.1513
85.153
85.153
85.1538
85.1566
85.159
85.1605
85.161
85.1619
85.1666
85.1669
85.1673
85.1674
85.1676
85.1679
85.1702
85.1712
85.1713
85.1714
85.1716
85.1721
85.1722
85.1732
85.1733
85.174
85.1748
85.1756
85.1783
85.1804
85.1829
85.1843
85.1852
85.1864
85.1881
85.1914
85.1921
85.1933
85.1938
85.1962
85.1976
85.1997
85.2006
85.2018
85.2035
85.2045
85.2063
85.2108
85.2113
85.2123
85.2135
85.2136
85.217
85.2215
85.2219
85.2229
85.223
85.2232
85.2237
85.2245
85.2257
85.2264
85.2283
85.2283
85.2283
85.232
85.2322
85.2323
85.2373
85.2376
85.2397
85.2434
85.2441
85.2457
85.2475
85.2478
85.2505
85.2507
85.2508
85.2513
85.2544
85.2594
85.2643
85.2695
85.2697
85.2716
85.2716
85.272
85.2738
85.2756
85.2778
85.2779
85.2794
85.2796
85.2852
85.2902
85.2927
85.2932
85.2937
85.295
85.2986
85.2989
85.2992
85.3004
85.3046
85.3047
85.3084
85.3085
85.3087
85.3109
85.3124
85.3145
85.318
85.3188
85.3193
85.3196
85.3202
85.3213
85.3239
85.3294
85.3346
85.337
85.3373
85.3374
85.3404
85.345
85.3455
85.3458
85.3485
85.3528
85.3544
85.355
85.3555
85.3558
85.3619
85.3703
85.3794
85.3796
85.3802
85.382
85.3826
85.3831
85.384
85.3857
85.3862
85.3863
85.3863
85.3932
85.3948
85.398
85.4018
85.4024
85.404
85.4068
85.4112
85.417
85.4189
85.4193
85.4229
85.425
85.4251
85.4261
85.4366
85.4373
85.4376
85.439
85.4396
85.4417
85.4432
85.4447
85.4449
85.4455
85.4468
85.4468
85.4474
85.4482
85.4503
85.4635
85.4676
85.47
85.4765
85.4909
85.4984
85.5005
85.5034
85.5058
85.5095
85.5097
85.5129
85.5172
85.5215
85.534
85.5342
85.535
85.5502
85.5559
85.5567
85.5612
85.5618
85.5661
85.5704
85.5728
85.5744
85.5781
85.5818
85.5874
85.5875
85.6012
85.6042
85.6055
85.6084
85.6109
85.6185
85.6251
85.6351
85.64
85.6412
85.6425
85.6459
85.6462
85.6473
85.6497
85.6505
85.6527
85.6728
85.6736
85.6766
85.6786
85.6823
85.6862
85.7
85.7027
85.7076
85.7119
85.713
85.7231
85.7271
85.7416
85.742
85.7432
85.7444
85.7617
85.764
85.789
85.7905
85.7916
85.797
85.7973
85.7976
85.7977
85.8032
85.8108
85.8111
85.8139
85.8167
85.8192
85.825
85.8292
85.831
85.8419
85.847
85.8473
85.8532
85.8537
85.8602
85.8909
85.8934
85.897
85.9211
85.9286
85.9533
85.9732
85.9804
85.9996
86.012
86.0124
86.0457
86.063
86.0737
86.098
86.1056
86.1091
86.1158
86.1397
86.1613
86.1636
86.23
86.2455
86.2635
86.2834
86.2836
86.2881
86.3334
86.4432
86.5097
86.5657
86.6591
86.6751
87.5611
